290	318	150	142	202	252	158	151	391	264	278	343	843	359	157	342	284		289.647	164.516
21	46	30	107	19	34	11	43	34	25	12	41	34	42	62	48	101		41.765	26.943
202187	41911	94552	62699	20829	37465	51838	58806	128264	120779	48083	33624	66317	95813	96280	37508	77929		74993.176	45202.336
1862	726	2120	1891	2497	617	714	603	354	1480	851	1167	439	1377	1247	437	575		1115.118	660.562
103	168	254	167	179	209	80	288	759	97	105	153	260	165	113	334	105		208.176	160.013
10718	22654	50815	55577	38973	16836	30265	36126	20417	35132	15466	29128	57439	12689	21944	10057	35306		29384.824	15148.620
211	295	186	202	126	119	823	348	236	222	178	267	96	116	116	236	154		231.235	167.691
23041	15130	13492	37853	28710	29121	23762	17834	28158	46714	31621	60231	63803	15221	35958	13777	32908		30431.412	15119.149
26	24	29	13	18	28	35	12	11	22	25	14	37	7	13	13	29		20.941	9.038
87856	40459	29207	23242	42944	25272	59881	32894	23660	34792	38444	43177	20358	50325	60208	12666	16187		37739.529	19029.268
26	55	34	32	28	24	28	29	29	9	44	45	13	49	19	56	27		32.176	13.566
24	47	194	23	19	55	129	78	23	18	27	94	41	28	26	71	15		53.647	48.062
869	4720	806	723	2060	1992	779	2437	845	1532	714	887	694	2911	1610	1377	414		1492.353	1091.879
41	48	26	60	63	12	72	29	38	16	62	45	38	54	153	35	71		50.765	31.813
26	26	19	37	22	17	14	30	35	31	34	22	73	79	41	28	20		32.588	17.955
46	90	87	26	15	62	34	81	28	14	23	50	21	53	49	70	30		45.824	25.013
3410	3902	6683	5104	7505	7608	1788	3942	3470	9185	9569	4535	4473	14793	2690	4392	3888		5702.176	3228.565
792	1089	3742	1077	2197	2480	3820	3252	1006	2623	1579	3585	1390	1307	2713	1285	2175		2124.235	1031.704
22551	28585	53572	49889	14504	31829	28094	40363	30804	20123	17425	19223	67002	19104	14106	29005	26911		30181.765	14760.872
567	207	191	455	160	474	174	294	269	222	130	238	226	239	341	76	208		263.000	129.341
94	76	203	367	170	206	149	142	88	71	105	127	81	236	139	188	89		148.882	75.900
44	89	147	71	103	121	71	57	89	89	46	117	68	119	72	188	133		95.529	38.370
19	41	13	40	10	46	7	29	31	42	23	18	14	26	24	33	16		25.412	12.016
1379	1692	1032	1566	1815	1732	2253	450	2393	635	806	1520	1818	2154	2793	1426	1039		1559.000	636.625
3426	1752	3087	532	1797	634	387	526	1048	1467	591	448	443	1059	1330	1468	3169		1362.588	1006.193
18	19	38	23	30	32	56	15	30	33	24	56	25	37	25	45	75		34.176	15.923
234	178	446	250	259	461	178	654	446	536	890	602	1364	260	203	396	391		455.765	303.656
388	310	732	1100	174	480	168	254	670	104	743	199	399	431	212	111	629		417.882	276.867
355	103	161	446	134	155	320	50	39	98	290	440	120	285	390	343	204		231.353	135.613
7328	7808	7253	15354	24294	17267	7352	23237	11482	13118	4992	7929	7703	7053	15411	16010	18300		12464.176	5988.657
34163	20855	42441	31360	28702	19551	11770	61380	21763	32936	11507	17695	15628	19591	5416	21956	10347		23944.765	13698.236
473	321	133	220	229	181	98	1856	66	206	240	983	181	421	509	136	365		389.294	436.430
17507	10820	26733	17093	25552	17335	20748	39679	9076	19990	13730	15464	11996	41754	5672	5287	24133		18974.647	10330.526
61	25	8	19	16	16	39	35	19	48	12	41	14	13	18	32	19		25.588	14.710
1489	2033	1676	3770	3031	938	1818	3895	1557	1011	5902	1307	1611	2657	926	4451	5196		2545.176	1563.266
62	110	220	158	129	203	50	135	114	110	175	121	137	70	222	57	90		127.235	54.393
33	23	45	37	56	128	35	43	39	55	23	31	88	43	24	25	47		45.588	26.592
24131	43112	24390	67356	75908	14120	93198	26232	86436	31930	22313	27753	91073	71408	44066	46675	30150		48250.059	26824.042
19472	8248	3637	16279	7641	14065	5766	12311	3952	10811	19028	14497	21136	4584	14412	5163	6663		11039.118	5841.702
41	36	166	125	157	107	129	63	190	103	76	346	46	107	89	396	32		129.941	102.272
146	256	216	223	373	300	176	242	206	213	173	484	426	328	388	325	353		284.000	97.654
279	918	526	402	473	548	913	338	349	656	2086	349	459	696	300	688	466		614.471	426.678
53	19	41	41	62	25	47	20	18	30	30	23	58	38	39	22	41		35.706	13.882
587	308	486	345	159	361	502	310	269	309	508	254	627	692	666	600	455		437.529	161.441
9307	35791	28788	10373	21781	16962	39186	12801	37336	20839	17857	12591	36161	23187	20635	44281	20384		24015.294	10937.403
68	246	246	221	465	130	118	149	123	100	214	100	282	131	151	268	185		188.059	96.496
12368	6858	6768	5610	2767	9228	4042	5616	4877	9818	7070	7937	12880	5264	3542	9542	3159		6902.706	3044.463
18	68	12	42	38	21	40	25	12	15	20	29	38	23	12	38	30		28.294	14.636
52329	6468	91764	11658	19182	15638	74745	10153	44659	19093	28844	42712	53281	29638	14862	28734	22842		33329.529	23789.876
12	9	59	12	28	19	33	15	16	23	25	21	33	54	12	21	43		25.588	14.723
16123	39294	44079	31055	41855	33876	25197	59544	22436	28504	22099	35924	19976	26669	15895	11992	19947		29086.176	12268.902
2228	684	1658	1377	894	764	1288	1279	1633	4987	1063	1088	2606	1200	841	2831	2021		1673.059	1062.356
2640	330	1100	930	377	1934	760	952	800	394	1393	1505	254	625	440	487	853		927.882	637.260
366	398	700	1635	1056	549	583	564	1215	1069	461	1489	724	978	574	960	1293		859.647	388.864
21	64	20	41	17	19	37	20	33	29	33	44	26	95	30	17	35		34.176	19.765
23187	35408	21558	30848	36423	22235	42662	27947	33366	74102	32691	24057	17996	48029	41654	102184	31389		37984.471	21133.880
2246	3851	5760	1260	7497	5636	3542	3220	5684	7177	8073	5342	10792	5339	1835	4690	5484		5142.824	2421.699
155	121	398	123	269	168	149	185	277	134	184	70	133	311	250	282	224		201.941	85.146
1985	2920	4865	2935	1386	1029	5135	3562	3097	4152	1898	2324	2389	7720	1487	2519	1293		2982.118	1713.395
28479	68350	32615	29213	23078	12797	31493	18128	40112	26696	24936	47557	13329	21203	17209	28511	22060		28574.471	13611.161
656	775	1171	1190	706	1660	746	3459	1086	1028	787	985	1760	1373	853	638	621		1146.706	687.770
707	639	521	940	949	2639	594	661	768	629	571	357	2181	605	554	1087	796		894.000	602.843
652	1235	893	939	1027	526	1470	647	746	252	1279	481	790	1345	523	1670	1536		941.824	418.550
24306	40233	8064	22774	6254	12101	10817	46000	6924	17937	18759	21720	25300	14431	29752	11817	26152		20196.529	11257.905
23431	92195	52809	84176	27981	24038	27127	33163	21832	39530	36789	22225	39213	34737	81311	14040	20497		39711.412	23940.666
497	276	249	385	423	317	1085	346	257	1150	673	685	510	695	885	241	402		533.882	287.336
19023	11954	14960	13146	9079	25632	10674	20697	30811	23647	20504	14894	12750	7735	28555	21678	29728		18556.882	7379.233
692	261	320	175	283	791	492	396	617	291	183	228	184	477	215	272	204		357.706	190.969
128	76	110	119	93	110	36	96	67	346	63	189	52	95	99	126	155		115.294	70.281
4318	2796	3344	1757	2044	6552	2192	2625	9798	2101	5788	6761	3407	631	1126	6208	3567		3824.412	2437.386
100	121	141	96	144	66	120	135	254	88	417	78	206	141	274	135	71		152.176	90.370
439	139	221	125	165	490	264	199	264	168	199	179	100	103	121	182	132		205.294	109.548
248	139	194	449	171	69	213	240	244	192	215	249	273	97	66	189	284		207.765	91.003
81	27	28	20	26	30	58	43	37	45	30	14	40	53	49	80	34		40.882	18.884
3465	7991	13498	4241	2932	6887	7428	5134	7845	4031	5169	10001	7328	5766	5696	5037	4886		6313.824	2611.002
457	688	1928	376	496	342	640	826	485	1213	956	975	180	551	597	773	379		697.765	412.573
389	224	518	554	277	513	524	1006	958	697	485	718	553	923	905	464	251		585.824	247.287
4096	9103	6825	6338	4987	16827	7672	6782	12883	24411	3750	15364	27766	7980	2941	8723	9240		10334.588	7072.550
5550	21899	33728	14479	10698	25391	42632	22157	19487	32500	38437	20076	29601	13054	10800	25474	10327		22134.706	10698.626
18	38	47	29	21	52	39	97	69	54	67	38	52	63	27	44	43		46.941	19.734
52	187	56	87	314	89	92	63	117	108	132	211	83	53	95	91	166		117.412	68.389
99160	56526	69485	32071	60722	49859	27043	42515	24577	41080	96318	37161	35328	39239	80767	113583	28842		54957.412	27664.140
149	146	54	22	22	42	22	161	70	62	28	50	89	70	33	50	39		65.235	45.541
64	50	53	61	31	86	28	74	51	53	91	108	100	69	36	92	47		64.353	24.272
62	65	64	123	45	30	37	25	62	50	35	139	22	100	68	24	93		61.412	34.751
71	15	35	40	22	26	20	54	19	52	31	21	51	21	23	23	80		35.529	19.484
11527	29305	17366	18452	8888	16836	20253	13744	28317	11336	28535	12824	11949	20593	36979	24757	12808		19086.412	7994.523
14767	11222	39533	26854	6368	32934	13008	14309	29494	8815	7744	16579	22645	14286	4380	5244	20297		16969.353	10276.847
60	78	87	136	58	122	62	39	69	111	85	72	188	68	134	130	66		92.059	38.698
34756	34839	38205	56715	90845	25076	177358	46280	43733	142684	31944	148525	55385	108117	30152	59404	38395		68377.235	47509.875
237	160	109	235	140	253	107	138	70	77	148	127	132	103	82	159	168		143.824	55.030
830	1644	2779	2833	1309	586	1973	588	421	1927	1256	994	1627	438	1907	2495	896		1441.353	793.641
268	686	800	425	674	311	225	448	243	633	347	403	516	368	402	417	621		458.059	170.264
42550	57864	156781	33478	166766	95683	57265	125822	165570	45967	48806	194745	87469	53364	51483	72414	78811		90284.588	51721.738
222	269	362	458	441	439	464	282	227	307	356	463	283	336	365	441	481		364.471	88.441
2077	1762	1966	1475	641	2019	1279	750	493	2439	1436	2665	420	575	1217	1385	638		1366.882	709.408
132	239	264	158	108	71	376	236	259	223	159	149	344	132	83	142	209		193.176	86.377
26518	54395	26478	122278	48884	114819	34683	70875	65361	68570	42705	53499	95360	101165	89882	36024	107524		68177.647	31643.075
194	62	48	58	65	83	51	63	97	160	188	77	233	243	60	160	74		112.706	67.631
70	114	65	41	21	62	31	47	58	188	42	44	29	64	13	77	115		63.588	42.710
188	45	79	67	284	147	86	53	133	189	332	64	85	176	43	34	94		123.471	86.305
