44	37	40	88	45	30	188	41	63	56	71	51	93	52	147	31	93		68.824	42.862
23	134	47	103	56	45	121	64	44	105	47	110	94	73	71	85	45		74.529	32.111
74175	149769	72216	50576	117009	99641	68175	41331	46321	41460	40044	57159	37460	26189	71323	30401	144669		68701.059	38086.043
97546	45159	33250	31107	82199	33491	107459	42863	99305	91015	154310	59315	120037	116445	113818	73502	118467		83487.529	37276.670
69338	115542	33723	114434	67517	109641	82839	34452	103730	60944	39214	103093	77591	227106	91861	42012	28772		82459.353	47890.194
67867	223325	55405	39876	33667	91767	128895	86462	31063	70136	44682	30337	197994	42436	33645	34400	24509		72733.294	58933.785
57961	85496	40388	70907	60628	71747	89496	54990	42782	67764	21055	184911	97300	95506	55848	51956	85606		72608.294	35667.397
43477	53098	150152	30898	114763	57186	67539	143848	131621	91348	90564	59800	45685	73843	80192	46185	36440		77449.353	37757.186
77493	27519	64877	71983	28553	108548	45451	24174	267946	114769	65998	105060	110380	52704	151722	107985	119602		90868.471	58809.839
55383	99456	27655	68901	114770	75913	134212	84985	25139	53921	33881	87956	108737	38348	50571	104897	71046		72692.412	32726.386
52117	55563	63145	58389	87948	40177	21746	56026	26041	80436	39904	112797	74615	85850	50620	17332	67989		58276.176	25388.734
81063	43781	55623	57244	42657	65662	82013	90236	140743	152120	46350	81572	59328	100272	102952	31752	32053		74436.529	35022.673
49177	65818	73143	53980	31774	67819	74511	108365	235030	161748	59356	59311	148225	38839	38664	25813	150394		84821.588	57178.009
71117	40137	145246	72231	41351	89296	72924	61934	79082	123325	19654	73357	84234	72031	69607	30284	35615		69495.588	31879.630
103644	79467	69509	61420	29704	117356	55027	50699	98250	25052	168645	83578	46258	34833	117421	84639	70765		76251.000	37158.296
58049	79037	26948	73136	40245	72634	35866	44274	77473	23942	53192	29056	59521	23386	60566	134579	46637		55208.294	27739.421
23866	25366	93467	33067	70909	51849	40562	88683	41755	54658	56009	80244	74053	48404	23816	175887	32860		59732.647	37358.202
70131	44771	81792	93594	33823	34151	24678	89690	58587	75162	65926	194926	103288	70749	205811	43843	62399		79607.118	50543.396
97895	126752	90414	41834	70869	83773	110982	98771	89038	76417	143193	34951	102601	130262	53474	152951	105861		94708.118	33215.175
151983	66375	43558	244234	73513	62599	51883	109653	57830	50729	83653	98234	80177	76513	74044	148613	46923		89442.000	51058.060
85855	102623	19676	60296	32707	29565	40352	60744	72454	157368	116313	155857	28921	118050	74398	99069	136482		81807.647	44720.381
68950	74576	48933	130485	106265	103004	40322	89891	62751	51502	111581	74589	94246	36609	87310	101737	136738		83499.353	29911.971
64002	35847	72729	47700	46742	19779	42518	47644	48755	100856	62807	52607	204604	98305	85149	58369	50218		66978.294	41309.246
104247	64890	115789	52941	50427	130287	48724	229797	55165	38612	36269	73143	118076	49625	189021	111174	131437		94095.529	55021.055
38009	77633	45885	30512	122817	48954	45036	96693	42411	90869	113576	126654	36018	90248	63641	100945	55912		72106.647	32386.180
64828	54540	83534	72359	38072	102777	46137	20867	88977	71733	127036	148145	107655	92746	146049	117129	68132		85336.235	36400.167
103549	28627	54797	20051	131956	126689	73191	58946	34519	73871	57198	51837	105723	136264	78832	48609	48942		72564.765	36271.348
135699	27182	50630	41002	82073	212228	85126	19965	24905	20483	120976	53655	32371	26105	41342	153775	156386		75523.706	59134.368
45615	52370	57783	49402	114128	73175	112003	85691	125565	79739	147184	41516	35607	175631	76023	57836	74591		82579.941	39728.448
80703	31859	74798	82383	46511	67522	34436	100202	67628	81726	46340	66904	89196	60295	72218	26915	56341		63881.000	21016.288
69101	161703	90564	44624	29061	189496	151850	181189	39018	37406	65849	97872	49021	43215	51283	40091	112793		85537.412	54452.268
33786	62493	186465	71666	147385	21634	40232	53837	69178	41498	51638	86115	113940	64891	75176	56589	71794		73430.412	41673.058
212124	208852	72206	132986	197169	93317	45222	28769	59808	88016	181973	55096	126384	39282	40960	62664	64497		100548.529	63666.556
37355	120366	25768	186164	139798	77231	47889	133394	100937	81163	52208	143651	19609	49716	57285	49536	121270		84902.353	48535.969
145694	89843	69102	54834	87532	206619	115371	83599	50841	63958	134062	62951	122745	98951	45550	158482	101516		99508.824	43563.275
98416	98038	88298	102884	69538	146690	65747	25658	43751	121946	70883	69642	90154	147550	69670	118517	54497		87169.353	33788.970
57748	88574	18511	66091	87102	77463	76609	28694	45895	72502	106329	45194	76849	100916	55633	93380	102361		70579.471	25713.877
57309	75124	96426	86965	53341	72081	77917	58835	65148	128345	56495	76663	149692	88045	47473	76209	64461		78266.412	26679.318
128302	64401	50293	134099	47729	81230	45124	48340	199084	112261	80395	124953	44503	27013	58265	211880	27521		87376.059	56264.711
58378	47513	42425	66206	126123	70443	83694	59843	37471	93265	63526	115608	113393	106300	50463	226515	107073		86367.000	45742.034
79977	35463	94192	167310	108449	75759	39128	51256	74206	92359	38730	114081	61664	112721	68582	101412	118496		84340.294	34767.547
174822	58130	95443	208199	103286	114178	117136	22873	45071	35763	146637	25485	16967	131719	72695	27984	150668		91003.294	58857.894
102932	65729	33900	100274	112694	70528	108890	69732	78533	36259	105889	86944	80995	51574	55273	170088	43718		80820.706	34314.340
138899	62204	80518	92699	111963	66394	36735	60407	99955	232485	141102	37284	63860	19547	69417	109585	43590		86273.176	51342.503
107787	65144	99924	140044	32982	18923	85686	99463	74157	101334	37354	70433	28134	71605	43799	171979	48411		76303.471	41112.319
70821	85824	46807	29895	17347	93217	73958	83057	53741	37976	95785	76422	42077	76179	74646	52761	118322		66402.059	26389.519
101041	126136	91152	100222	83836	106018	82871	61660	96659	25920	111350	25123	66049	31393	91600	17246	87282		76797.529	33397.090
116722	52866	42929	59857	39709	59574	88698	62009	55085	58426	48028	152519	80669	65041	109187	294509	75640		85968.706	61326.826
46903	37253	37895	51277	96089	142442	64448	221808	55758	24903	41580	102573	45115	39358	59402	59400	127714		73759.882	50603.123
29352	69081	69529	107231	123650	56102	44820	54322	97759	37893	54374	63894	70437	100309	162848	89991	193044		83802.118	43956.107
74769	41224	76199	41235	53237	71398	75573	133851	36348	146557	52767	60546	88525	58034	120115	27237	55474		71358.176	33997.790
67762	44554	37575	121224	37447	71930	91981	60990	75695	71684	52024	68065	67670	259264	101663	73644	75386		81091.647	50681.239
66760	56506	159509	45832	146380	239515	93367	57627	69182	47618	34867	78694	117875	368723	53845	36878	76862		102943.529	86729.217
42739	52460	61805	83694	63388	87298	105566	81726	80258	38433	52792	23777	128211	175658	110331	124793	123832		84515.353	39593.494
25877	88004	58285	245874	56399	57042	59548	49450	38813	60048	124323	83120	97077	40037	161479	231678	46333		89611.000	65469.616
134521	111498	93760	277947	136047	75998	135650	40036	152620	82605	75800	40363	198960	169307	237503	64334	71945		123464.353	67632.600
80958	27568	40540	29683	138969	60923	69832	35760	117592	36563	44199	46843	132675	124242	45243	70592	63977		68597.588	37497.372
73074	71242	60888	91197	99257	141801	42215	82539	60201	77288	39935	35221	100862	42536	71937	43936	79086		71365.588	27598.926
44711	150908	49312	71080	78604	46584	60079	148731	39174	90666	71171	52928	69245	48184	114363	32476	64745		72527.118	35334.088
23445	72992	85944	40676	107937	86672	47683	59759	50378	85991	101396	102254	105550	16858	72731	29774	74460		68500.000	29551.223
34851	63732	81530	109832	180941	167135	63307	57918	142010	52940	43314	37810	52386	196642	78742	479101	51945		111419.765	108138.312
108250	127079	113248	93145	42986	66483	64131	117022	50628	67323	72747	66881	82406	183233	89785	98594	105803		91161.412	33882.478
43763	72928	65405	127167	34916	63852	56531	39480	105598	67152	61024	70521	96208	42239	121258	104567	49397		71882.706	28904.897
114916	59784	136277	208257	29247	68813	72752	89931	71952	85854	37297	124282	49589	33256	58461	134046	108520		87249.059	46364.869
97392	113952	70115	107042	89618	52876	41036	52634	133432	129818	13971	55440	162486	94347	66853	42981	51174		80892.176	39567.805
56948	34310	154098	129439	76760	104960	147201	73409	84692	110395	91631	62819	57750	90808	33614	80054	57445		85078.412	35317.121
95459	94592	48581	81530	38103	128574	152064	67943	48267	52269	243261	167053	69020	51072	32206	65768	57249		87824.176	55803.376
208774	71462	101081	34727	159711	282808	51677	73730	66687	170604	133690	43862	106036	46219	122346	43382	62017		104636.059	68469.700
57959	32350	46019	58550	50946	39304	34140	219731	115705	99710	64391	57261	176137	94450	127272	49736	153088		86867.588	54809.393
103076	84173	100491	83753	66182	89256	63048	66589	47998	149493	58664	54565	39252	84377	55971	45764	60693		73726.176	27175.318
32526	78333	70749	136993	29148	52563	66086	144905	30082	103896	83552	74289	43753	47352	47903	84083	157597		75518.235	39960.784
73833	43796	50662	168436	39454	207946	76678	68161	15386	38593	70989	164793	49367	90383	93306	64114	56138		80707.941	52077.345
46113	173044	94251	80002	141020	64061	40197	25816	107766	189140	131597	68004	273315	153206	48068	73815	58006		103965.941	65432.289
158503	53907	51516	107800	98576	125748	57335	42813	80258	60880	69793	133647	72073	70200	72780	40590	60588		79823.941	33773.643
51416	108395	51725	61962	51572	47455	148707	75097	125726	91514	60525	86470	73728	37926	67424	103696	45356		75805.529	31059.512
33885	96005	68773	81479	43763	199451	46936	101614	26367	79649	103329	113999	73803	73028	55615	54700	198873		85368.765	49492.648
166893	55385	67604	105451	114653	78982	40706	86639	46107	41331	72600	143000	131904	121556	105510	83838	51467		89036.824	37854.749
25561	64867	127036	89305	51288	114378	95088	66110	76894	47391	63212	39675	182864	87272	43918	77471	63030		77374.118	37924.494
105401	118888	150526	19492	46019	110653	26555	51046	177670	61585	72525	34737	48414	90439	45229	214984	74441		85212.000	55153.334
219112	110460	78344	71428	61113	92870	152173	81474	43000	32354	53659	77284	176691	59500	76529	58433	70480		89112.000	49595.707
72017	191061	42005	85375	98087	61007	39298	50220	97979	103686	78767	47441	30865	62082	112506	63531	30245		74480.706	39582.908
48361	31902	126148	25411	40157	106995	94274	36482	85738	101411	55479	26972	62766	254383	81916	89135	18813		75667.235	56436.177
57101	50778	87615	143520	87464	39942	150231	49551	177251	54970	68327	58005	157177	105434	55585	222846	44230		94707.471	55284.340
90606	122494	33439	75497	59039	45122	54651	97581	48891	98384	59283	104579	127879	70185	106885	291773	46619		90171.000	59354.859
63681	33967	54588	51466	34697	73767	79007	78358	87101	78861	140132	83656	38761	57078	45998	48243	81128		66499.353	26118.225
98673	47812	85482	116925	75548	76559	73539	163055	53292	100042	44133	122059	173149	110717	72738	66247	115193		93833.118	36884.835
107306	52864	64135	40279	189048	81452	86471	48054	57481	162368	91219	70573	86444	56733	85760	71753	36981		81701.235	40511.773
82746	90436	131510	62137	37167	98541	32262	48987	150461	68862	161591	48358	60880	83745	60859	118000	128531		86180.765	39647.583
56950	108697	99314	143405	73528	195353	89738	62758	39540	90115	61488	48774	84106	55409	88529	141303	115607		91447.882	40340.552
115588	78819	44891	49550	60761	76996	84590	51635	94278	75296	46876	50434	81260	91111	92649	71207	85847		73634.588	20213.880
50837	75850	53519	54997	48907	138759	37822	100525	97499	97778	57140	44500	91858	149654	50727	100108	53379		76697.588	33536.977
68676	78864	63106	34970	56847	88798	172993	56419	152806	101030	73169	67870	34947	29098	96439	108179	63882		79299.588	38837.133
121853	65581	99969	99665	89193	54108	118450	131403	124809	31752	112523	61179	87830	91518	95831	88859	96204		92395.706	26858.261
69666	140987	86306	165912	133787	151863	54079	130128	85110	84741	54708	118255	51969	132325	134968	101805	31613		101660.118	40332.029
87298	90350	57356	80309	40066	74918	76275	97899	107184	106264	55563	159240	45081	78871	80024	105459	102564		84983.588	28382.031
60627	131042	51347	89858	47410	71511	232625	59294	110796	93105	65877	139740	52145	65105	96329	247908	243851		109327.647	68614.546
46958	74966	103325	23956	26322	166658	152368	157948	69424	69978	70646	69113	172034	88727	103468	145454	95317		96274.235	47459.134
26882	104905	118141	100968	122719	68052	59316	96107	85300	45147	53632	44330	184472	92625	41431	185743	61800		87739.412	46271.922
73978	189263	40674	54331	86244	43555	57183	40645	85656	81536	91829	118281	55893	35428	97490	73266	66584		75990.353	37150.201
87036	65354	230273	171899	72266	64329	148780	30799	96535	60836	153795	163289	67220	89775	133314	49608	175176		109428.471	55975.704
53763	86155	98538	51532	47076	166547	88179	150870	60182	57213	45651	67172	68183	51345	80041	112143	79111		80217.706	35173.228
153710	75571	74181	100866	83139	140446	55269	70805	264601	76105	26679	69691	73584	52434	55963	53838	71843		88160.294	54955.468
